Qreals

1:
403
1750
3604
4643
5220
5428
5523
7168
7780
7787
7915
10907
11440
16392
16834
17135
19003
19960
20198
21764
24092
24336
25186
2556
25520
26497
28226
28809
29865
30656
35133
36668
39091
40760
41792
42422
42438
46445
46738
47029
48945
48966
53036
54551
54765
52944
-----
52804
33822
43141
45367
47248
23480
35911
16278
42335
45334
31839
7915
7148
17598
6751
16900
16367
32473
13783
23202
24208
53772
7168
19882
----
21764
4643
43141
16278
29183
7168
7915
42422
32445
22732
12436
49963
22692
53041
18768
23202
28647
33948
42335
26814
30665
6751
51433

2:
29400
16217
8310
44883
35038
7884
33295
36499
43875
46902
39402
17821
8086
10740
31719
24751
44571
50266
41606
45267
17790
25193
29307
39538
44865
8258
12300
2841
14130
16341
20818
22085
22575
34713
45052
45062
48101
52153
54827
39926
44069
27965
13160
41168
5074
11992
47309
41331
25446
262
12323
51542
5144
9438
37760
39136




3:
12446
13786
21455
25707
27036
28879
32989
35042
3574
39046
39728
34975
45069
50206
50210
51242
53244
8697
7293
-------------










----------
49216
35098
15770
13218




4:

13417
48991
17952
25534
51003
26226
10346
31587
19583
51053
49354
26359
39287
12597
12151
30852
16796
17316
2544
51732
17175
50832
             

-------------
19003
4413
52808
49963
17069
19726
9406
8961
48504
19553
8473
1704
9961
50073
42481
28920
17318
50845
19896









----------

