Qreals

1:
403
1750
3604
4643
5220
5428
5523
7168
7780
7787
7915
10907
11440
16392
16834
17135
19003
19960
20198
21764
24092
24336
25186
2556
25520
26497
28226
28809
29865
30656
35133
36668
39091
40760
41792
42422
42438
46445
46738
47029
48945
48966
53036
54551
54765
52944
-----
52804
33822
43141
45367
47248
23480
35911
16278
42335
45334
31839
7915
7148
17598
6751
16900
16367
32473
13783
23202
24208
53772
7168
19882
----
21764
4643
43141
16278
29183
7168
7915
42422
32445
22732
12436
49963
22692
53041
18768
23202
28647
33948
42335
26814
30665
6751
51433
41283
2:
29400
16217
8310
44883
35038
7884
33295
36499
43875
46902
39402
17821
8086
10740
31719
24751
44571
50266
41606
45267
17790
25193
29307
39538
44865
8258
12300
2841
14130
16341
20818
22085
22575
34713
45052
45062
48101
52153
54827
39926
44069
27965
13160
41168
5074
11992
47309
41331
25446
262
12323
51542
5144
9438
37760
39136
----------
8269
29400
46008
17790
27876
14121
8258
54277
39538
32015
19367
16217
5973
19413
20818
9305
4212
54519
53665
44988
30830
9435
3534


------
44865
16217
17790
39538
34713
5074
14121
262
12323
39136
46029
44919
40973
17698
8269
20818
35904
21274
15694
40912
7779
32015
4212
31129
9434
-----




3:

7124
32989
14999
50711
41604
43990
43931
43972
8697
53244
44159
49632
45429
7293
41590
40190
31168
--------
13108
35643
39046
20267   
45268
49160
11533
34990
13786
7835
51537
39728
53183
15770
-------------
26992
33042
1748
15635
27549
20873
16399
14049
44104
15332
44552
45268
50452
33332
35039
35643
35042
----------
22467
9505
49216
1935
13108
16457
36057
8400
13140
13893
12600
15237
49208
16287
3015
29799
49172
----
50452
19299
7124
22467
52320
37056
50210
33523
32989
46937
49513
15237
4491
19357
48669
1935
48493
6978
36057
49632
8400
32992

4:
----
51851
13417
21332
17130
28989
48991
19154
6993
33887
33063

----------
31587
30991
18017
49978
49980
15839
6993
-----
36538
19003
4413
13253
33063
53136
28833
7236
19248
12162
1492
34503
52808
45203
24011
16281
22484
28191

----
27836
3714
45350
19553
32568
6610
14806
19896
16747
24634
45355
7532
17069
9961
16468
---
19003
4413
49963
17069
19726
9406
47511
52808
8473
19553
9961
1704
50073
42481
17318
28920
8961
19896
