124
1748
1935
3015
4491
6978
7124
7293
7835
8400
8697
9505
11533
12600
13108
13140
13786
13893
14049
15237
15332
15635
15770
16287
16399
16457
19299
19357
20267
20873
22467
26992
27549
29799
31168
32989
32992
33042
33332
33523
34990
35039
35042
35643
36057
37056
39046
39728
40190
41590
41604
43931
43972
43990
44104
44159
44552
45268
45429
46937
48493
48669
49160
49172
49208
49216
49513
49632
50210
50452
50711
51537
52320
53183
53244
21455
47480
54592
14999
4395
10823
19443
35668
35998
26515
1159
29397
19369
15021
15981
53084