403
1750
2556
3604
4643
5220
5428
5523
6751
7148
7168
7780
7787
7915
10907
11440
12436
13783
16278
16367
16392
16834
16900
17135
17598
18768
19003
19882
19960
20198
21764
22692
22732
23202
23480
24092
24208
24336
25186
25520
26497
26814
28226
28647
28809
29183
29865
30656
30665
31839
32445
32473
33822
33948
35133
35911
36668
39091
40760
41792
42335
42422
42438
43141
45334
45367
46445
46738
47029
47248
48945
48966
49963
51433
52804
52944
53036
53041
53772
54551
54765
41283
3054
3060
3068
3069
3070
3088
3092
4211
4224
9630
90125
53136
48889
3173
25329
11098
11416
40346
21571
24384
14776
37426
24286
48652
12449
21570
7292