262
2841
3534
4212
5074
5144
5973
7779
7884
8086
8258
8269
8310
9305
9434
9435
9438
10740
11992
12300
12323
13160
14121
14130
15694
16217
16341
17698
17790
17821
19367
19413
20818
21274
22085
22575
24751
25193
25446
27876
27965
29307
29400
30830
31129
31719
32015
33295
34713
35038
35904
36499
37760
39136
39402
39538
39926
40912
40973
41168
41331
41606
43875
44069
44571
44865
44883
44919
44988
45052
45062
45267
46008
46029
46902
47309
48101
50266
51542
52153
53665
54277
54519
54827
9903
39701
7907
54911
26092
31614